--Matrix Size: 16 x 16--

Naive Matrix Multiplication:
Time: 184100ns
Comparisons: 4096
Result:
-27 1 49 -7 -2 36 -24 -10 17 -18 4 69 4 -21 14 -25 
7 29 -26 -4 23 -25 -4 28 -25 7 29 -23 -19 37 -25 5 
11 -24 -3 15 -13 7 18 -14 6 5 -22 -13 20 -7 12 13 
-3 -3 32 6 -6 10 -10 -16 8 -3 -2 31 6 -13 8 -3 
0 14 -14 7 28 -10 1 6 -16 8 9 -3 17 13 -19 4 
6 -1 -5 18 2 -3 5 2 -5 5 -2 -6 18 10 -2 8 
-2 3 15 2 2 7 -10 3 15 6 -6 23 22 -5 12 4 
6 -2 -11 9 -10 7 5 3 1 4 -3 -14 9 -2 7 10 
-27 1 49 -7 -2 36 -24 -10 17 -18 4 69 4 -21 14 -25 
7 29 -26 -4 23 -25 -4 28 -25 7 29 -23 -19 37 -25 5 
11 -24 -3 15 -13 7 18 -14 6 5 -22 -13 20 -7 12 13 
-3 -3 32 6 -6 10 -10 -16 8 -3 -2 31 6 -13 8 -3 
0 14 -14 7 28 -10 1 6 -16 8 9 -3 17 13 -19 4 
6 -1 -5 18 2 -3 5 2 -5 5 -2 -6 18 10 -2 8 
-2 3 15 2 2 7 -10 3 15 6 -6 23 22 -5 12 4 
6 -2 -11 9 -10 7 5 3 1 4 -3 -14 9 -2 7 10 
Strassen Matrix Multiplication:
Time: 2154700ns
Comparisons: 2401
Result:
-27 1 49 -7 -2 36 -24 -10 17 -18 4 69 4 -21 14 -25 
7 29 -26 -4 23 -25 -4 28 -25 7 29 -23 -19 37 -25 5 
11 -24 -3 15 -13 7 18 -14 6 5 -22 -13 20 -7 12 13 
-3 -3 32 6 -6 10 -10 -16 8 -3 -2 31 6 -13 8 -3 
0 14 -14 7 28 -10 1 6 -16 8 9 -3 17 13 -19 4 
6 -1 -5 18 2 -3 5 2 -5 5 -2 -6 18 10 -2 8 
-2 3 15 2 2 7 -10 3 15 6 -6 23 22 -5 12 4 
6 -2 -11 9 -10 7 5 3 1 4 -3 -14 9 -2 7 10 
-27 1 49 -7 -2 36 -24 -10 17 -18 4 69 4 -21 14 -25 
7 29 -26 -4 23 -25 -4 28 -25 7 29 -23 -19 37 -25 5 
11 -24 -3 15 -13 7 18 -14 6 5 -22 -13 20 -7 12 13 
-3 -3 32 6 -6 10 -10 -16 8 -3 -2 31 6 -13 8 -3 
0 14 -14 7 28 -10 1 6 -16 8 9 -3 17 13 -19 4 
6 -1 -5 18 2 -3 5 2 -5 5 -2 -6 18 10 -2 8 
-2 3 15 2 2 7 -10 3 15 6 -6 23 22 -5 12 4 
6 -2 -11 9 -10 7 5 3 1 4 -3 -14 9 -2 7 10 


--Matrix Size: 32 x 32--

Naive Matrix Multiplication:
Time: 1365200ns
Comparisons: 32768
Result:
51 33 3 47 56 -4 19 42 22 55 36 67 65 4 -4 37 50 -19 2 31 35 9 53 32 -23 64 3 -20 60 9 26 36 
12 39 33 18 -8 11 -17 -9 19 29 10 26 22 28 0 18 8 65 23 23 10 10 2 35 -1 12 50 19 -23 38 -2 9 
25 -1 30 17 14 18 29 16 31 12 25 30 39 11 34 9 9 23 54 26 19 19 4 -3 31 14 6 45 50 -1 31 16 
57 19 11 65 24 31 27 22 41 55 13 63 86 -14 19 51 24 7 40 -15 52 29 26 67 -3 25 33 37 2 38 38 -2 
51 33 3 47 56 -4 19 42 22 55 36 67 65 4 -4 37 50 -19 2 31 35 9 53 32 -23 64 3 -20 60 9 26 36 
12 39 33 18 -8 11 -17 -9 19 29 10 26 22 28 0 18 8 65 23 23 10 10 2 35 -1 12 50 19 -23 38 -2 9 
25 -1 30 17 14 18 29 16 31 12 25 30 39 11 34 9 9 23 54 26 19 19 4 -3 31 14 6 45 50 -1 31 16 
57 19 11 65 24 31 27 22 41 55 13 63 86 -14 19 51 24 7 40 -15 52 29 26 67 -3 25 33 37 2 38 38 -2 
51 33 3 47 56 -4 19 42 22 55 36 67 65 4 -4 37 50 -19 2 31 35 9 53 32 -23 64 3 -20 60 9 26 36 
12 39 33 18 -8 11 -17 -9 19 29 10 26 22 28 0 18 8 65 23 23 10 10 2 35 -1 12 50 19 -23 38 -2 9 
25 -1 30 17 14 18 29 16 31 12 25 30 39 11 34 9 9 23 54 26 19 19 4 -3 31 14 6 45 50 -1 31 16 
57 19 11 65 24 31 27 22 41 55 13 63 86 -14 19 51 24 7 40 -15 52 29 26 67 -3 25 33 37 2 38 38 -2 
51 33 3 47 56 -4 19 42 22 55 36 67 65 4 -4 37 50 -19 2 31 35 9 53 32 -23 64 3 -20 60 9 26 36 
12 39 33 18 -8 11 -17 -9 19 29 10 26 22 28 0 18 8 65 23 23 10 10 2 35 -1 12 50 19 -23 38 -2 9 
25 -1 30 17 14 18 29 16 31 12 25 30 39 11 34 9 9 23 54 26 19 19 4 -3 31 14 6 45 50 -1 31 16 
57 19 11 65 24 31 27 22 41 55 13 63 86 -14 19 51 24 7 40 -15 52 29 26 67 -3 25 33 37 2 38 38 -2 
37 -15 11 59 5 -1 37 -11 13 35 -5 27 73 -19 7 28 -3 -4 47 3 15 27 -9 3 16 8 0 38 17 -7 31 -1 
7 -9 64 7 2 35 -4 -3 48 7 0 83 26 -29 40 -1 -1 54 1 -2 49 -10 -3 40 -15 10 55 -6 3 32 1 -1 
41 -1 -4 68 6 -2 32 -9 -2 37 -4 11 65 -4 -10 38 4 -9 45 -7 9 30 -1 14 14 3 6 45 -4 -1 30 -8 
9 44 -4 -7 50 8 2 35 -9 -6 51 -2 -8 63 -13 0 37 13 28 51 -1 10 30 -5 4 23 4 29 42 -5 6 21 
17 8 40 0 -2 60 -1 6 53 15 14 64 27 -10 39 8 -2 56 31 0 61 10 0 51 -3 0 47 30 -10 51 10 -12 
54 -10 2 41 2 0 49 -1 15 43 3 17 56 -7 8 42 3 -11 25 -1 16 39 6 15 26 10 1 31 14 -2 43 -4 
2 54 -6 -11 23 -8 -8 37 1 9 43 -3 -1 50 -10 1 38 12 6 41 -9 6 38 1 -5 39 0 0 33 5 -4 39 
12 -13 52 -2 2 43 7 6 52 -8 12 64 8 -23 53 -3 5 38 5 -12 50 -7 2 44 -3 3 42 8 7 33 10 -6 
45 5 -6 52 -6 -13 23 -11 3 53 -8 2 52 4 -10 45 0 -4 27 3 0 28 2 15 20 7 1 22 -4 7 31 -1 
6 50 4 -17 29 1 3 32 -3 -14 69 -2 -20 33 1 -7 55 7 18 32 -6 -1 24 -15 11 44 -5 14 37 -14 9 47 
7 -9 64 7 2 35 -4 -3 48 7 0 83 26 -29 40 -1 -1 54 1 -2 49 -10 -3 40 -15 10 55 -6 3 32 1 -1 
41 -1 -4 68 6 -2 32 -9 -2 37 -4 11 65 -4 -10 38 4 -9 45 -7 9 30 -1 14 14 3 6 45 -4 -1 30 -8 
9 44 -4 -7 50 8 2 35 -9 -6 51 -2 -8 63 -13 0 37 13 28 51 -1 10 30 -5 4 23 4 29 42 -5 6 21 
17 8 40 0 -2 60 -1 6 53 15 14 64 27 -10 39 8 -2 56 31 0 61 10 0 51 -3 0 47 30 -10 51 10 -12 
54 -10 2 41 2 0 49 -1 15 43 3 17 56 -7 8 42 3 -11 25 -1 16 39 6 15 26 10 1 31 14 -2 43 -4 
25 -1 30 17 14 18 29 16 31 12 25 30 39 11 34 9 9 23 54 26 19 19 4 -3 31 14 6 45 50 -1 31 16 
Strassen Matrix Multiplication:
Time: 7549500ns
Comparisons: 16807
Result:
51 33 3 47 56 -4 19 42 22 55 36 67 65 4 -4 37 50 -19 2 31 35 9 53 32 -23 64 3 -20 60 9 26 36 
12 39 33 18 -8 11 -17 -9 19 29 10 26 22 28 0 18 8 65 23 23 10 10 2 35 -1 12 50 19 -23 38 -2 9 
25 -1 30 17 14 18 29 16 31 12 25 30 39 11 34 9 9 23 54 26 19 19 4 -3 31 14 6 45 50 -1 31 16 
57 19 11 65 24 31 27 22 41 55 13 63 86 -14 19 51 24 7 40 -15 52 29 26 67 -3 25 33 37 2 38 38 -2 
51 33 3 47 56 -4 19 42 22 55 36 67 65 4 -4 37 50 -19 2 31 35 9 53 32 -23 64 3 -20 60 9 26 36 
12 39 33 18 -8 11 -17 -9 19 29 10 26 22 28 0 18 8 65 23 23 10 10 2 35 -1 12 50 19 -23 38 -2 9 
25 -1 30 17 14 18 29 16 31 12 25 30 39 11 34 9 9 23 54 26 19 19 4 -3 31 14 6 45 50 -1 31 16 
57 19 11 65 24 31 27 22 41 55 13 63 86 -14 19 51 24 7 40 -15 52 29 26 67 -3 25 33 37 2 38 38 -2 
51 33 3 47 56 -4 19 42 22 55 36 67 65 4 -4 37 50 -19 2 31 35 9 53 32 -23 64 3 -20 60 9 26 36 
12 39 33 18 -8 11 -17 -9 19 29 10 26 22 28 0 18 8 65 23 23 10 10 2 35 -1 12 50 19 -23 38 -2 9 
25 -1 30 17 14 18 29 16 31 12 25 30 39 11 34 9 9 23 54 26 19 19 4 -3 31 14 6 45 50 -1 31 16 
57 19 11 65 24 31 27 22 41 55 13 63 86 -14 19 51 24 7 40 -15 52 29 26 67 -3 25 33 37 2 38 38 -2 
51 33 3 47 56 -4 19 42 22 55 36 67 65 4 -4 37 50 -19 2 31 35 9 53 32 -23 64 3 -20 60 9 26 36 
12 39 33 18 -8 11 -17 -9 19 29 10 26 22 28 0 18 8 65 23 23 10 10 2 35 -1 12 50 19 -23 38 -2 9 
25 -1 30 17 14 18 29 16 31 12 25 30 39 11 34 9 9 23 54 26 19 19 4 -3 31 14 6 45 50 -1 31 16 
57 19 11 65 24 31 27 22 41 55 13 63 86 -14 19 51 24 7 40 -15 52 29 26 67 -3 25 33 37 2 38 38 -2 
37 -15 11 59 5 -1 37 -11 13 35 -5 27 73 -19 7 28 -3 -4 47 3 15 27 -9 3 16 8 0 38 17 -7 31 -1 
7 -9 64 7 2 35 -4 -3 48 7 0 83 26 -29 40 -1 -1 54 1 -2 49 -10 -3 40 -15 10 55 -6 3 32 1 -1 
41 -1 -4 68 6 -2 32 -9 -2 37 -4 11 65 -4 -10 38 4 -9 45 -7 9 30 -1 14 14 3 6 45 -4 -1 30 -8 
9 44 -4 -7 50 8 2 35 -9 -6 51 -2 -8 63 -13 0 37 13 28 51 -1 10 30 -5 4 23 4 29 42 -5 6 21 
17 8 40 0 -2 60 -1 6 53 15 14 64 27 -10 39 8 -2 56 31 0 61 10 0 51 -3 0 47 30 -10 51 10 -12 
54 -10 2 41 2 0 49 -1 15 43 3 17 56 -7 8 42 3 -11 25 -1 16 39 6 15 26 10 1 31 14 -2 43 -4 
2 54 -6 -11 23 -8 -8 37 1 9 43 -3 -1 50 -10 1 38 12 6 41 -9 6 38 1 -5 39 0 0 33 5 -4 39 
12 -13 52 -2 2 43 7 6 52 -8 12 64 8 -23 53 -3 5 38 5 -12 50 -7 2 44 -3 3 42 8 7 33 10 -6 
45 5 -6 52 -6 -13 23 -11 3 53 -8 2 52 4 -10 45 0 -4 27 3 0 28 2 15 20 7 1 22 -4 7 31 -1 
6 50 4 -17 29 1 3 32 -3 -14 69 -2 -20 33 1 -7 55 7 18 32 -6 -1 24 -15 11 44 -5 14 37 -14 9 47 
7 -9 64 7 2 35 -4 -3 48 7 0 83 26 -29 40 -1 -1 54 1 -2 49 -10 -3 40 -15 10 55 -6 3 32 1 -1 
41 -1 -4 68 6 -2 32 -9 -2 37 -4 11 65 -4 -10 38 4 -9 45 -7 9 30 -1 14 14 3 6 45 -4 -1 30 -8 
9 44 -4 -7 50 8 2 35 -9 -6 51 -2 -8 63 -13 0 37 13 28 51 -1 10 30 -5 4 23 4 29 42 -5 6 21 
17 8 40 0 -2 60 -1 6 53 15 14 64 27 -10 39 8 -2 56 31 0 61 10 0 51 -3 0 47 30 -10 51 10 -12 
54 -10 2 41 2 0 49 -1 15 43 3 17 56 -7 8 42 3 -11 25 -1 16 39 6 15 26 10 1 31 14 -2 43 -4 
25 -1 30 17 14 18 29 16 31 12 25 30 39 11 34 9 9 23 54 26 19 19 4 -3 31 14 6 45 50 -1 31 16 


--Matrix Size: 64 x 64--

Naive Matrix Multiplication:
Time: 3252900ns
Comparisons: 262144
Result:
5 18 90 35 6 56 -10 -15 55 26 14 125 62 -31 40 7 11 92 24 7 69 -3 -13 55 -18 30 93 21 -12 62 -6 21 89 27 13 35 2 5 56 8 36 82 53 -9 38 11 36 91 27 13 62 13 0 40 3 20 110 33 -18 52 17 13 93 30 
49 54 9 45 20 9 -17 12 45 81 9 69 107 27 -17 44 8 56 51 42 37 29 25 71 -42 30 44 26 -1 49 4 -1 66 18 45 3 37 60 49 38 36 -14 103 77 13 -1 38 12 64 19 59 7 71 9 23 15 26 36 28 61 55 -23 57 12 
5 18 90 35 6 56 -10 -15 55 26 14 125 62 -31 40 7 11 92 24 7 69 -3 -13 55 -18 30 93 21 -12 62 -6 21 89 27 13 35 2 5 56 8 36 82 53 -9 38 11 36 91 27 13 62 13 0 40 3 20 110 33 -18 52 17 13 93 30 
49 54 9 45 20 9 -17 12 45 81 9 69 107 27 -17 44 8 56 51 42 37 29 25 71 -42 30 44 26 -1 49 4 -1 66 18 45 3 37 60 49 38 36 -14 103 77 13 -1 38 12 64 19 59 7 71 9 23 15 26 36 28 61 55 -23 57 12 
5 18 90 35 6 56 -10 -15 55 26 14 125 62 -31 40 7 11 92 24 7 69 -3 -13 55 -18 30 93 21 -12 62 -6 21 89 27 13 35 2 5 56 8 36 82 53 -9 38 11 36 91 27 13 62 13 0 40 3 20 110 33 -18 52 17 13 93 30 
49 54 9 45 20 9 -17 12 45 81 9 69 107 27 -17 44 8 56 51 42 37 29 25 71 -42 30 44 26 -1 49 4 -1 66 18 45 3 37 60 49 38 36 -14 103 77 13 -1 38 12 64 19 59 7 71 9 23 15 26 36 28 61 55 -23 57 12 
5 18 90 35 6 56 -10 -15 55 26 14 125 62 -31 40 7 11 92 24 7 69 -3 -13 55 -18 30 93 21 -12 62 -6 21 89 27 13 35 2 5 56 8 36 82 53 -9 38 11 36 91 27 13 62 13 0 40 3 20 110 33 -18 52 17 13 93 30 
49 54 9 45 20 9 -17 12 45 81 9 69 107 27 -17 44 8 56 51 42 37 29 25 71 -42 30 44 26 -1 49 4 -1 66 18 45 3 37 60 49 38 36 -14 103 77 13 -1 38 12 64 19 59 7 71 9 23 15 26 36 28 61 55 -23 57 12 
5 18 90 35 6 56 -10 -15 55 26 14 125 62 -31 40 7 11 92 24 7 69 -3 -13 55 -18 30 93 21 -12 62 -6 21 89 27 13 35 2 5 56 8 36 82 53 -9 38 11 36 91 27 13 62 13 0 40 3 20 110 33 -18 52 17 13 93 30 
49 54 9 45 20 9 -17 12 45 81 9 69 107 27 -17 44 8 56 51 42 37 29 25 71 -42 30 44 26 -1 49 4 -1 66 18 45 3 37 60 49 38 36 -14 103 77 13 -1 38 12 64 19 59 7 71 9 23 15 26 36 28 61 55 -23 57 12 
5 18 90 35 6 56 -10 -15 55 26 14 125 62 -31 40 7 11 92 24 7 69 -3 -13 55 -18 30 93 21 -12 62 -6 21 89 27 13 35 2 5 56 8 36 82 53 -9 38 11 36 91 27 13 62 13 0 40 3 20 110 33 -18 52 17 13 93 30 
49 54 9 45 20 9 -17 12 45 81 9 69 107 27 -17 44 8 56 51 42 37 29 25 71 -42 30 44 26 -1 49 4 -1 66 18 45 3 37 60 49 38 36 -14 103 77 13 -1 38 12 64 19 59 7 71 9 23 15 26 36 28 61 55 -23 57 12 
5 18 90 35 6 56 -10 -15 55 26 14 125 62 -31 40 7 11 92 24 7 69 -3 -13 55 -18 30 93 21 -12 62 -6 21 89 27 13 35 2 5 56 8 36 82 53 -9 38 11 36 91 27 13 62 13 0 40 3 20 110 33 -18 52 17 13 93 30 
49 54 9 45 20 9 -17 12 45 81 9 69 107 27 -17 44 8 56 51 42 37 29 25 71 -42 30 44 26 -1 49 4 -1 66 18 45 3 37 60 49 38 36 -14 103 77 13 -1 38 12 64 19 59 7 71 9 23 15 26 36 28 61 55 -23 57 12 
5 18 90 35 6 56 -10 -15 55 26 14 125 62 -31 40 7 11 92 24 7 69 -3 -13 55 -18 30 93 21 -12 62 -6 21 89 27 13 35 2 5 56 8 36 82 53 -9 38 11 36 91 27 13 62 13 0 40 3 20 110 33 -18 52 17 13 93 30 
49 54 9 45 20 9 -17 12 45 81 9 69 107 27 -17 44 8 56 51 42 37 29 25 71 -42 30 44 26 -1 49 4 -1 66 18 45 3 37 60 49 38 36 -14 103 77 13 -1 38 12 64 19 59 7 71 9 23 15 26 36 28 61 55 -23 57 12 
48 6 32 23 -31 46 -1 -16 51 58 -5 62 47 -18 25 43 -14 55 29 -17 56 19 -8 65 9 -6 51 28 -38 63 28 -24 62 5 -23 41 25 6 66 39 -6 25 49 -2 42 21 -6 45 30 -37 58 -1 10 39 38 -5 46 23 -24 61 44 -32 55 5 
-1 66 12 -14 65 -6 -34 43 7 19 46 44 8 54 -16 1 47 30 -9 66 3 -15 43 15 -32 55 23 -26 52 15 -16 49 31 -17 69 -20 -7 64 13 2 61 4 7 76 -6 -8 67 22 -5 61 3 -15 64 -8 -4 52 29 -21 59 12 7 41 31 -19 
16 7 61 3 -28 66 -28 -18 70 30 -8 92 34 -32 44 15 -17 88 17 -22 72 -4 -16 84 -19 -9 81 15 -52 82 0 -27 95 -7 -28 57 2 -2 85 11 -9 55 36 -16 61 -7 -9 78 18 -42 74 -24 2 58 10 -8 76 10 -38 80 16 -35 88 -7 
75 14 -13 86 -15 -25 48 -23 7 79 -2 6 114 14 -30 61 -3 5 69 20 2 65 1 23 10 13 3 64 -8 -1 42 -17 16 41 17 -11 57 4 1 48 7 -38 103 40 -16 22 1 -35 77 1 26 41 16 -14 42 -8 -27 71 9 14 67 -33 4 43 
12 65 -1 4 70 -10 -17 54 16 42 40 46 42 56 -14 15 45 14 -2 72 8 3 56 22 -31 63 11 -21 68 20 -10 57 11 0 84 -29 13 88 13 19 75 -11 36 92 -7 11 81 0 7 78 10 19 86 -8 6 52 24 -4 72 18 28 45 16 -4 
7 4 49 -8 -30 63 -28 -14 73 19 -8 76 22 -32 52 7 -17 73 7 -27 66 -7 -14 85 -20 -11 67 10 -50 85 -14 -11 70 7 -18 63 17 25 85 22 7 58 43 -14 76 4 7 73 13 -30 66 -7 25 64 10 10 79 7 -29 88 7 -11 76 -11 
65 17 -22 68 -12 -40 47 -19 -8 67 8 -9 88 11 -36 52 9 -15 44 20 -14 55 4 2 12 25 -14 41 1 -18 41 -5 -4 18 14 -31 39 -6 -17 34 13 -50 68 31 -33 18 7 -51 49 4 6 35 4 -26 33 -4 -43 50 7 -8 59 -21 -17 28 
-6 65 9 -18 58 -7 -29 54 7 13 48 42 4 56 -14 -5 50 22 -19 61 4 -14 56 13 -36 59 19 -32 59 14 -21 54 22 -24 65 -21 -7 76 11 -4 65 2 1 78 -7 -11 71 15 -15 59 3 -10 75 -8 -10 54 27 -25 63 10 2 46 23 -25 
3 9 57 -3 -25 54 -24 -12 66 9 3 78 15 -18 45 -3 -6 75 0 -10 63 -9 -3 78 -30 0 69 3 -36 78 -15 -15 81 -21 -16 51 -3 9 81 -6 0 48 18 -6 60 -21 0 69 0 -28 63 -27 12 57 -6 3 66 -3 -24 75 -3 -21 75 -21 
68 6 -17 73 -12 -29 52 -18 1 70 -3 -4 93 12 -27 55 -2 -10 49 20 -3 60 5 11 15 14 -9 46 2 -9 44 -16 1 23 14 -20 44 -5 -8 37 2 -45 73 32 -24 21 -4 -46 54 4 17 40 5 -17 36 -15 -38 55 8 1 62 -32 -12 33 
-1 66 12 -14 65 -6 -34 43 7 19 46 44 8 54 -16 1 47 30 -9 66 3 -15 43 15 -32 55 23 -26 52 15 -16 49 31 -17 69 -20 -7 64 13 2 61 4 7 76 -6 -8 67 22 -5 61 3 -15 64 -8 -4 52 29 -21 59 12 7 41 31 -19 
16 7 61 3 -28 66 -28 -18 70 30 -8 92 34 -32 44 15 -17 88 17 -22 72 -4 -16 84 -19 -9 81 15 -52 82 0 -27 95 -7 -28 57 2 -2 85 11 -9 55 36 -16 61 -7 -9 78 18 -42 74 -24 2 58 10 -8 76 10 -38 80 16 -35 88 -7 
75 14 -13 86 -15 -25 48 -23 7 79 -2 6 114 14 -30 61 -3 5 69 20 2 65 1 23 10 13 3 64 -8 -1 42 -17 16 41 17 -11 57 4 1 48 7 -38 103 40 -16 22 1 -35 77 1 26 41 16 -14 42 -8 -27 71 9 14 67 -33 4 43 
12 65 -1 4 70 -10 -17 54 16 42 40 46 42 56 -14 15 45 14 -2 72 8 3 56 22 -31 63 11 -21 68 20 -10 57 11 0 84 -29 13 88 13 19 75 -11 36 92 -7 11 81 0 7 78 10 19 86 -8 6 52 24 -4 72 18 28 45 16 -4 
7 4 49 -8 -30 63 -28 -14 73 19 -8 76 22 -32 52 7 -17 73 7 -27 66 -7 -14 85 -20 -11 67 10 -50 85 -14 -11 70 7 -18 63 17 25 85 22 7 58 43 -14 76 4 7 73 13 -30 66 -7 25 64 10 10 79 7 -29 88 7 -11 76 -11 
7 4 49 -8 -30 63 -28 -14 73 19 -8 76 22 -32 52 7 -17 73 7 -27 66 -7 -14 85 -20 -11 67 10 -50 85 -14 -11 70 7 -18 63 17 25 85 22 7 58 43 -14 76 4 7 73 13 -30 66 -7 25 64 10 10 79 7 -29 88 7 -11 76 -11 
94 105 133 104 26 76 -15 0 140 153 53 246 211 6 45 84 46 187 85 67 133 44 28 172 -53 99 176 60 -5 153 20 45 197 45 76 48 57 89 146 75 111 89 192 94 78 31 111 130 104 44 152 34 97 77 52 65 172 87 22 155 110 7 189 44 
138 141 52 114 40 29 -22 27 130 208 48 190 256 64 -12 121 43 151 112 102 101 76 66 188 -77 99 127 65 6 140 30 23 174 36 108 16 92 144 139 105 111 -7 242 180 53 19 113 51 141 50 149 28 168 46 72 60 88 90 68 164 148 -29 153 26 
94 105 133 104 26 76 -15 0 140 153 53 246 211 6 45 84 46 187 85 67 133 44 28 172 -53 99 176 60 -5 153 20 45 197 45 76 48 57 89 146 75 111 89 192 94 78 31 111 130 104 44 152 34 97 77 52 65 172 87 22 155 110 7 189 44 
138 141 52 114 40 29 -22 27 130 208 48 190 256 64 -12 121 43 151 112 102 101 76 66 188 -77 99 127 65 6 140 30 23 174 36 108 16 92 144 139 105 111 -7 242 180 53 19 113 51 141 50 149 28 168 46 72 60 88 90 68 164 148 -29 153 26 
94 105 133 104 26 76 -15 0 140 153 53 246 211 6 45 84 46 187 85 67 133 44 28 172 -53 99 176 60 -5 153 20 45 197 45 76 48 57 89 146 75 111 89 192 94 78 31 111 130 104 44 152 34 97 77 52 65 172 87 22 155 110 7 189 44 
138 141 52 114 40 29 -22 27 130 208 48 190 256 64 -12 121 43 151 112 102 101 76 66 188 -77 99 127 65 6 140 30 23 174 36 108 16 92 144 139 105 111 -7 242 180 53 19 113 51 141 50 149 28 168 46 72 60 88 90 68 164 148 -29 153 26 
94 105 133 104 26 76 -15 0 140 153 53 246 211 6 45 84 46 187 85 67 133 44 28 172 -53 99 176 60 -5 153 20 45 197 45 76 48 57 89 146 75 111 89 192 94 78 31 111 130 104 44 152 34 97 77 52 65 172 87 22 155 110 7 189 44 
138 141 52 114 40 29 -22 27 130 208 48 190 256 64 -12 121 43 151 112 102 101 76 66 188 -77 99 127 65 6 140 30 23 174 36 108 16 92 144 139 105 111 -7 242 180 53 19 113 51 141 50 149 28 168 46 72 60 88 90 68 164 148 -29 153 26 
94 105 133 104 26 76 -15 0 140 153 53 246 211 6 45 84 46 187 85 67 133 44 28 172 -53 99 176 60 -5 153 20 45 197 45 76 48 57 89 146 75 111 89 192 94 78 31 111 130 104 44 152 34 97 77 52 65 172 87 22 155 110 7 189 44 
138 141 52 114 40 29 -22 27 130 208 48 190 256 64 -12 121 43 151 112 102 101 76 66 188 -77 99 127 65 6 140 30 23 174 36 108 16 92 144 139 105 111 -7 242 180 53 19 113 51 141 50 149 28 168 46 72 60 88 90 68 164 148 -29 153 26 
94 105 133 104 26 76 -15 0 140 153 53 246 211 6 45 84 46 187 85 67 133 44 28 172 -53 99 176 60 -5 153 20 45 197 45 76 48 57 89 146 75 111 89 192 94 78 31 111 130 104 44 152 34 97 77 52 65 172 87 22 155 110 7 189 44 
138 141 52 114 40 29 -22 27 130 208 48 190 256 64 -12 121 43 151 112 102 101 76 66 188 -77 99 127 65 6 140 30 23 174 36 108 16 92 144 139 105 111 -7 242 180 53 19 113 51 141 50 149 28 168 46 72 60 88 90 68 164 148 -29 153 26 
94 105 133 104 26 76 -15 0 140 153 53 246 211 6 45 84 46 187 85 67 133 44 28 172 -53 99 176 60 -5 153 20 45 197 45 76 48 57 89 146 75 111 89 192 94 78 31 111 130 104 44 152 34 97 77 52 65 172 87 22 155 110 7 189 44 
138 141 52 114 40 29 -22 27 130 208 48 190 256 64 -12 121 43 151 112 102 101 76 66 188 -77 99 127 65 6 140 30 23 174 36 108 16 92 144 139 105 111 -7 242 180 53 19 113 51 141 50 149 28 168 46 72 60 88 90 68 164 148 -29 153 26 
94 105 133 104 26 76 -15 0 140 153 53 246 211 6 45 84 46 187 85 67 133 44 28 172 -53 99 176 60 -5 153 20 45 197 45 76 48 57 89 146 75 111 89 192 94 78 31 111 130 104 44 152 34 97 77 52 65 172 87 22 155 110 7 189 44 
138 141 52 114 40 29 -22 27 130 208 48 190 256 64 -12 121 43 151 112 102 101 76 66 188 -77 99 127 65 6 140 30 23 174 36 108 16 92 144 139 105 111 -7 242 180 53 19 113 51 141 50 149 28 168 46 72 60 88 90 68 164 148 -29 153 26 
137 93 75 92 -11 66 -6 -1 136 185 34 183 196 19 30 120 21 150 90 43 120 66 33 182 -26 63 134 67 -31 154 54 0 170 23 40 54 80 90 156 106 69 32 188 101 82 41 69 84 107 -6 148 20 107 76 87 40 108 77 16 164 137 -38 151 19 
88 153 55 55 85 14 -39 58 92 146 85 165 157 91 -11 78 82 125 52 126 67 32 84 132 -67 124 106 13 59 106 10 73 139 1 132 -7 48 148 103 69 136 11 146 179 34 12 142 61 72 92 93 6 161 29 45 97 91 33 99 115 100 35 127 -5 
105 94 104 72 -8 86 -33 -3 155 157 31 213 183 5 49 92 18 183 78 38 136 43 25 201 -54 60 164 54 -45 173 26 -3 203 11 35 70 57 82 175 78 66 62 175 87 101 13 66 117 95 -11 164 -3 99 95 59 37 138 64 2 183 109 -41 184 7 
164 101 30 155 5 -5 43 -8 92 206 37 127 263 51 -25 138 32 100 130 80 66 112 42 140 -25 82 86 103 -1 90 68 7 124 59 80 2 112 88 91 115 82 -31 242 143 24 42 76 4 154 32 116 62 113 23 91 37 35 125 49 117 160 -39 100 57 
101 152 42 73 90 10 -22 69 101 169 79 167 191 93 -9 92 80 109 59 132 72 50 97 139 -66 132 94 18 75 111 16 81 119 18 147 -16 68 172 103 86 150 -4 175 195 33 31 156 39 84 109 100 40 183 29 55 97 86 50 112 121 121 39 112 10 
96 91 92 61 -10 83 -33 1 158 146 31 197 171 5 57 84 18 168 68 33 130 40 27 202 -55 58 150 49 -43 176 12 13 178 25 45 76 72 109 175 89 82 65 182 89 116 24 82 112 90 1 156 14 122 101 59 55 141 61 11 191 100 -17 172 3 
154 104 21 137 8 -20 42 -4 77 194 47 112 237 48 -31 129 44 80 105 80 50 102 45 119 -23 94 69 80 8 73 67 19 104 36 77 -18 94 78 73 101 88 -43 207 134 7 38 82 -12 126 35 96 56 101 11 82 41 19 104 47 95 152 -27 79 42 
83 152 52 51 78 13 -34 69 92 140 87 163 153 93 -9 72 85 117 42 121 68 33 97 130 -71 128 102 7 66 105 5 78 130 -6 128 -8 48 160 101 63 140 9 140 181 33 9 146 54 62 90 93 11 172 29 39 99 89 29 103 113 95 40 119 -11 
92 96 100 66 -5 74 -29 3 151 136 42 199 164 19 50 74 29 170 61 50 127 38 38 195 -65 69 152 42 -29 169 11 9 189 -3 47 64 52 93 171 61 75 55 157 97 100 -1 75 108 77 3 153 -6 109 94 43 48 128 51 16 178 90 -27 171 -7 
157 93 26 142 8 -9 47 -3 86 197 36 117 242 49 -22 132 33 85 110 80 61 107 46 128 -20 83 74 85 9 82 70 8 109 41 77 -7 99 79 82 104 77 -38 212 135 16 41 71 -7 131 35 107 61 102 20 85 30 24 109 48 104 155 -38 84 47 
88 153 55 55 85 14 -39 58 92 146 85 165 157 91 -11 78 82 125 52 126 67 32 84 132 -67 124 106 13 59 106 10 73 139 1 132 -7 48 148 103 69 136 11 146 179 34 12 142 61 72 92 93 6 161 29 45 97 91 33 99 115 100 35 127 -5 
105 94 104 72 -8 86 -33 -3 155 157 31 213 183 5 49 92 18 183 78 38 136 43 25 201 -54 60 164 54 -45 173 26 -3 203 11 35 70 57 82 175 78 66 62 175 87 101 13 66 117 95 -11 164 -3 99 95 59 37 138 64 2 183 109 -41 184 7 
164 101 30 155 5 -5 43 -8 92 206 37 127 263 51 -25 138 32 100 130 80 66 112 42 140 -25 82 86 103 -1 90 68 7 124 59 80 2 112 88 91 115 82 -31 242 143 24 42 76 4 154 32 116 62 113 23 91 37 35 125 49 117 160 -39 100 57 
75 14 -13 86 -15 -25 48 -23 7 79 -2 6 114 14 -30 61 -3 5 69 20 2 65 1 23 10 13 3 64 -8 -1 42 -17 16 41 17 -11 57 4 1 48 7 -38 103 40 -16 22 1 -35 77 1 26 41 16 -14 42 -8 -27 71 9 14 67 -33 4 43 
12 65 -1 4 70 -10 -17 54 16 42 40 46 42 56 -14 15 45 14 -2 72 8 3 56 22 -31 63 11 -21 68 20 -10 57 11 0 84 -29 13 88 13 19 75 -11 36 92 -7 11 81 0 7 78 10 19 86 -8 6 52 24 -4 72 18 28 45 16 -4 
154 181 12 68 -46 11 -64 -22 126 203 78 157 228 57 -56 115 45 169 102 60 85 72 40 224 -123 88 131 78 -100 159 1 -10 209 -28 50 40 115 148 177 105 106 -39 260 175 72 -41 102 54 132 -48 150 -50 190 42 69 96 60 63 24 202 122 -60 172 -63 
Strassen Matrix Multiplication:
Time: 47652700ns
Comparisons: 117649
Result:
5 18 90 35 6 56 -10 -15 55 26 14 125 62 -31 40 7 11 92 24 7 69 -3 -13 55 -18 30 93 21 -12 62 -6 21 89 27 13 35 2 5 56 8 36 82 53 -9 38 11 36 91 27 13 62 13 0 40 3 20 110 33 -18 52 17 13 93 30 
49 54 9 45 20 9 -17 12 45 81 9 69 107 27 -17 44 8 56 51 42 37 29 25 71 -42 30 44 26 -1 49 4 -1 66 18 45 3 37 60 49 38 36 -14 103 77 13 -1 38 12 64 19 59 7 71 9 23 15 26 36 28 61 55 -23 57 12 
5 18 90 35 6 56 -10 -15 55 26 14 125 62 -31 40 7 11 92 24 7 69 -3 -13 55 -18 30 93 21 -12 62 -6 21 89 27 13 35 2 5 56 8 36 82 53 -9 38 11 36 91 27 13 62 13 0 40 3 20 110 33 -18 52 17 13 93 30 
49 54 9 45 20 9 -17 12 45 81 9 69 107 27 -17 44 8 56 51 42 37 29 25 71 -42 30 44 26 -1 49 4 -1 66 18 45 3 37 60 49 38 36 -14 103 77 13 -1 38 12 64 19 59 7 71 9 23 15 26 36 28 61 55 -23 57 12 
5 18 90 35 6 56 -10 -15 55 26 14 125 62 -31 40 7 11 92 24 7 69 -3 -13 55 -18 30 93 21 -12 62 -6 21 89 27 13 35 2 5 56 8 36 82 53 -9 38 11 36 91 27 13 62 13 0 40 3 20 110 33 -18 52 17 13 93 30 
49 54 9 45 20 9 -17 12 45 81 9 69 107 27 -17 44 8 56 51 42 37 29 25 71 -42 30 44 26 -1 49 4 -1 66 18 45 3 37 60 49 38 36 -14 103 77 13 -1 38 12 64 19 59 7 71 9 23 15 26 36 28 61 55 -23 57 12 
5 18 90 35 6 56 -10 -15 55 26 14 125 62 -31 40 7 11 92 24 7 69 -3 -13 55 -18 30 93 21 -12 62 -6 21 89 27 13 35 2 5 56 8 36 82 53 -9 38 11 36 91 27 13 62 13 0 40 3 20 110 33 -18 52 17 13 93 30 
49 54 9 45 20 9 -17 12 45 81 9 69 107 27 -17 44 8 56 51 42 37 29 25 71 -42 30 44 26 -1 49 4 -1 66 18 45 3 37 60 49 38 36 -14 103 77 13 -1 38 12 64 19 59 7 71 9 23 15 26 36 28 61 55 -23 57 12 
5 18 90 35 6 56 -10 -15 55 26 14 125 62 -31 40 7 11 92 24 7 69 -3 -13 55 -18 30 93 21 -12 62 -6 21 89 27 13 35 2 5 56 8 36 82 53 -9 38 11 36 91 27 13 62 13 0 40 3 20 110 33 -18 52 17 13 93 30 
49 54 9 45 20 9 -17 12 45 81 9 69 107 27 -17 44 8 56 51 42 37 29 25 71 -42 30 44 26 -1 49 4 -1 66 18 45 3 37 60 49 38 36 -14 103 77 13 -1 38 12 64 19 59 7 71 9 23 15 26 36 28 61 55 -23 57 12 
5 18 90 35 6 56 -10 -15 55 26 14 125 62 -31 40 7 11 92 24 7 69 -3 -13 55 -18 30 93 21 -12 62 -6 21 89 27 13 35 2 5 56 8 36 82 53 -9 38 11 36 91 27 13 62 13 0 40 3 20 110 33 -18 52 17 13 93 30 
49 54 9 45 20 9 -17 12 45 81 9 69 107 27 -17 44 8 56 51 42 37 29 25 71 -42 30 44 26 -1 49 4 -1 66 18 45 3 37 60 49 38 36 -14 103 77 13 -1 38 12 64 19 59 7 71 9 23 15 26 36 28 61 55 -23 57 12 
5 18 90 35 6 56 -10 -15 55 26 14 125 62 -31 40 7 11 92 24 7 69 -3 -13 55 -18 30 93 21 -12 62 -6 21 89 27 13 35 2 5 56 8 36 82 53 -9 38 11 36 91 27 13 62 13 0 40 3 20 110 33 -18 52 17 13 93 30 
49 54 9 45 20 9 -17 12 45 81 9 69 107 27 -17 44 8 56 51 42 37 29 25 71 -42 30 44 26 -1 49 4 -1 66 18 45 3 37 60 49 38 36 -14 103 77 13 -1 38 12 64 19 59 7 71 9 23 15 26 36 28 61 55 -23 57 12 
5 18 90 35 6 56 -10 -15 55 26 14 125 62 -31 40 7 11 92 24 7 69 -3 -13 55 -18 30 93 21 -12 62 -6 21 89 27 13 35 2 5 56 8 36 82 53 -9 38 11 36 91 27 13 62 13 0 40 3 20 110 33 -18 52 17 13 93 30 
49 54 9 45 20 9 -17 12 45 81 9 69 107 27 -17 44 8 56 51 42 37 29 25 71 -42 30 44 26 -1 49 4 -1 66 18 45 3 37 60 49 38 36 -14 103 77 13 -1 38 12 64 19 59 7 71 9 23 15 26 36 28 61 55 -23 57 12 
48 6 32 23 -31 46 -1 -16 51 58 -5 62 47 -18 25 43 -14 55 29 -17 56 19 -8 65 9 -6 51 28 -38 63 28 -24 62 5 -23 41 25 6 66 39 -6 25 49 -2 42 21 -6 45 30 -37 58 -1 10 39 38 -5 46 23 -24 61 44 -32 55 5 
-1 66 12 -14 65 -6 -34 43 7 19 46 44 8 54 -16 1 47 30 -9 66 3 -15 43 15 -32 55 23 -26 52 15 -16 49 31 -17 69 -20 -7 64 13 2 61 4 7 76 -6 -8 67 22 -5 61 3 -15 64 -8 -4 52 29 -21 59 12 7 41 31 -19 
16 7 61 3 -28 66 -28 -18 70 30 -8 92 34 -32 44 15 -17 88 17 -22 72 -4 -16 84 -19 -9 81 15 -52 82 0 -27 95 -7 -28 57 2 -2 85 11 -9 55 36 -16 61 -7 -9 78 18 -42 74 -24 2 58 10 -8 76 10 -38 80 16 -35 88 -7 
75 14 -13 86 -15 -25 48 -23 7 79 -2 6 114 14 -30 61 -3 5 69 20 2 65 1 23 10 13 3 64 -8 -1 42 -17 16 41 17 -11 57 4 1 48 7 -38 103 40 -16 22 1 -35 77 1 26 41 16 -14 42 -8 -27 71 9 14 67 -33 4 43 
12 65 -1 4 70 -10 -17 54 16 42 40 46 42 56 -14 15 45 14 -2 72 8 3 56 22 -31 63 11 -21 68 20 -10 57 11 0 84 -29 13 88 13 19 75 -11 36 92 -7 11 81 0 7 78 10 19 86 -8 6 52 24 -4 72 18 28 45 16 -4 
7 4 49 -8 -30 63 -28 -14 73 19 -8 76 22 -32 52 7 -17 73 7 -27 66 -7 -14 85 -20 -11 67 10 -50 85 -14 -11 70 7 -18 63 17 25 85 22 7 58 43 -14 76 4 7 73 13 -30 66 -7 25 64 10 10 79 7 -29 88 7 -11 76 -11 
65 17 -22 68 -12 -40 47 -19 -8 67 8 -9 88 11 -36 52 9 -15 44 20 -14 55 4 2 12 25 -14 41 1 -18 41 -5 -4 18 14 -31 39 -6 -17 34 13 -50 68 31 -33 18 7 -51 49 4 6 35 4 -26 33 -4 -43 50 7 -8 59 -21 -17 28 
-6 65 9 -18 58 -7 -29 54 7 13 48 42 4 56 -14 -5 50 22 -19 61 4 -14 56 13 -36 59 19 -32 59 14 -21 54 22 -24 65 -21 -7 76 11 -4 65 2 1 78 -7 -11 71 15 -15 59 3 -10 75 -8 -10 54 27 -25 63 10 2 46 23 -25 
3 9 57 -3 -25 54 -24 -12 66 9 3 78 15 -18 45 -3 -6 75 0 -10 63 -9 -3 78 -30 0 69 3 -36 78 -15 -15 81 -21 -16 51 -3 9 81 -6 0 48 18 -6 60 -21 0 69 0 -28 63 -27 12 57 -6 3 66 -3 -24 75 -3 -21 75 -21 
68 6 -17 73 -12 -29 52 -18 1 70 -3 -4 93 12 -27 55 -2 -10 49 20 -3 60 5 11 15 14 -9 46 2 -9 44 -16 1 23 14 -20 44 -5 -8 37 2 -45 73 32 -24 21 -4 -46 54 4 17 40 5 -17 36 -15 -38 55 8 1 62 -32 -12 33 
-1 66 12 -14 65 -6 -34 43 7 19 46 44 8 54 -16 1 47 30 -9 66 3 -15 43 15 -32 55 23 -26 52 15 -16 49 31 -17 69 -20 -7 64 13 2 61 4 7 76 -6 -8 67 22 -5 61 3 -15 64 -8 -4 52 29 -21 59 12 7 41 31 -19 
16 7 61 3 -28 66 -28 -18 70 30 -8 92 34 -32 44 15 -17 88 17 -22 72 -4 -16 84 -19 -9 81 15 -52 82 0 -27 95 -7 -28 57 2 -2 85 11 -9 55 36 -16 61 -7 -9 78 18 -42 74 -24 2 58 10 -8 76 10 -38 80 16 -35 88 -7 
75 14 -13 86 -15 -25 48 -23 7 79 -2 6 114 14 -30 61 -3 5 69 20 2 65 1 23 10 13 3 64 -8 -1 42 -17 16 41 17 -11 57 4 1 48 7 -38 103 40 -16 22 1 -35 77 1 26 41 16 -14 42 -8 -27 71 9 14 67 -33 4 43 
12 65 -1 4 70 -10 -17 54 16 42 40 46 42 56 -14 15 45 14 -2 72 8 3 56 22 -31 63 11 -21 68 20 -10 57 11 0 84 -29 13 88 13 19 75 -11 36 92 -7 11 81 0 7 78 10 19 86 -8 6 52 24 -4 72 18 28 45 16 -4 
7 4 49 -8 -30 63 -28 -14 73 19 -8 76 22 -32 52 7 -17 73 7 -27 66 -7 -14 85 -20 -11 67 10 -50 85 -14 -11 70 7 -18 63 17 25 85 22 7 58 43 -14 76 4 7 73 13 -30 66 -7 25 64 10 10 79 7 -29 88 7 -11 76 -11 
7 4 49 -8 -30 63 -28 -14 73 19 -8 76 22 -32 52 7 -17 73 7 -27 66 -7 -14 85 -20 -11 67 10 -50 85 -14 -11 70 7 -18 63 17 25 85 22 7 58 43 -14 76 4 7 73 13 -30 66 -7 25 64 10 10 79 7 -29 88 7 -11 76 -11 
94 105 133 104 26 76 -15 0 140 153 53 246 211 6 45 84 46 187 85 67 133 44 28 172 -53 99 176 60 -5 153 20 45 197 45 76 48 57 89 146 75 111 89 192 94 78 31 111 130 104 44 152 34 97 77 52 65 172 87 22 155 110 7 189 44 
138 141 52 114 40 29 -22 27 130 208 48 190 256 64 -12 121 43 151 112 102 101 76 66 188 -77 99 127 65 6 140 30 23 174 36 108 16 92 144 139 105 111 -7 242 180 53 19 113 51 141 50 149 28 168 46 72 60 88 90 68 164 148 -29 153 26 
94 105 133 104 26 76 -15 0 140 153 53 246 211 6 45 84 46 187 85 67 133 44 28 172 -53 99 176 60 -5 153 20 45 197 45 76 48 57 89 146 75 111 89 192 94 78 31 111 130 104 44 152 34 97 77 52 65 172 87 22 155 110 7 189 44 
138 141 52 114 40 29 -22 27 130 208 48 190 256 64 -12 121 43 151 112 102 101 76 66 188 -77 99 127 65 6 140 30 23 174 36 108 16 92 144 139 105 111 -7 242 180 53 19 113 51 141 50 149 28 168 46 72 60 88 90 68 164 148 -29 153 26 
94 105 133 104 26 76 -15 0 140 153 53 246 211 6 45 84 46 187 85 67 133 44 28 172 -53 99 176 60 -5 153 20 45 197 45 76 48 57 89 146 75 111 89 192 94 78 31 111 130 104 44 152 34 97 77 52 65 172 87 22 155 110 7 189 44 
138 141 52 114 40 29 -22 27 130 208 48 190 256 64 -12 121 43 151 112 102 101 76 66 188 -77 99 127 65 6 140 30 23 174 36 108 16 92 144 139 105 111 -7 242 180 53 19 113 51 141 50 149 28 168 46 72 60 88 90 68 164 148 -29 153 26 
94 105 133 104 26 76 -15 0 140 153 53 246 211 6 45 84 46 187 85 67 133 44 28 172 -53 99 176 60 -5 153 20 45 197 45 76 48 57 89 146 75 111 89 192 94 78 31 111 130 104 44 152 34 97 77 52 65 172 87 22 155 110 7 189 44 
138 141 52 114 40 29 -22 27 130 208 48 190 256 64 -12 121 43 151 112 102 101 76 66 188 -77 99 127 65 6 140 30 23 174 36 108 16 92 144 139 105 111 -7 242 180 53 19 113 51 141 50 149 28 168 46 72 60 88 90 68 164 148 -29 153 26 
94 105 133 104 26 76 -15 0 140 153 53 246 211 6 45 84 46 187 85 67 133 44 28 172 -53 99 176 60 -5 153 20 45 197 45 76 48 57 89 146 75 111 89 192 94 78 31 111 130 104 44 152 34 97 77 52 65 172 87 22 155 110 7 189 44 
138 141 52 114 40 29 -22 27 130 208 48 190 256 64 -12 121 43 151 112 102 101 76 66 188 -77 99 127 65 6 140 30 23 174 36 108 16 92 144 139 105 111 -7 242 180 53 19 113 51 141 50 149 28 168 46 72 60 88 90 68 164 148 -29 153 26 
94 105 133 104 26 76 -15 0 140 153 53 246 211 6 45 84 46 187 85 67 133 44 28 172 -53 99 176 60 -5 153 20 45 197 45 76 48 57 89 146 75 111 89 192 94 78 31 111 130 104 44 152 34 97 77 52 65 172 87 22 155 110 7 189 44 
138 141 52 114 40 29 -22 27 130 208 48 190 256 64 -12 121 43 151 112 102 101 76 66 188 -77 99 127 65 6 140 30 23 174 36 108 16 92 144 139 105 111 -7 242 180 53 19 113 51 141 50 149 28 168 46 72 60 88 90 68 164 148 -29 153 26 
94 105 133 104 26 76 -15 0 140 153 53 246 211 6 45 84 46 187 85 67 133 44 28 172 -53 99 176 60 -5 153 20 45 197 45 76 48 57 89 146 75 111 89 192 94 78 31 111 130 104 44 152 34 97 77 52 65 172 87 22 155 110 7 189 44 
138 141 52 114 40 29 -22 27 130 208 48 190 256 64 -12 121 43 151 112 102 101 76 66 188 -77 99 127 65 6 140 30 23 174 36 108 16 92 144 139 105 111 -7 242 180 53 19 113 51 141 50 149 28 168 46 72 60 88 90 68 164 148 -29 153 26 
94 105 133 104 26 76 -15 0 140 153 53 246 211 6 45 84 46 187 85 67 133 44 28 172 -53 99 176 60 -5 153 20 45 197 45 76 48 57 89 146 75 111 89 192 94 78 31 111 130 104 44 152 34 97 77 52 65 172 87 22 155 110 7 189 44 
138 141 52 114 40 29 -22 27 130 208 48 190 256 64 -12 121 43 151 112 102 101 76 66 188 -77 99 127 65 6 140 30 23 174 36 108 16 92 144 139 105 111 -7 242 180 53 19 113 51 141 50 149 28 168 46 72 60 88 90 68 164 148 -29 153 26 
137 93 75 92 -11 66 -6 -1 136 185 34 183 196 19 30 120 21 150 90 43 120 66 33 182 -26 63 134 67 -31 154 54 0 170 23 40 54 80 90 156 106 69 32 188 101 82 41 69 84 107 -6 148 20 107 76 87 40 108 77 16 164 137 -38 151 19 
88 153 55 55 85 14 -39 58 92 146 85 165 157 91 -11 78 82 125 52 126 67 32 84 132 -67 124 106 13 59 106 10 73 139 1 132 -7 48 148 103 69 136 11 146 179 34 12 142 61 72 92 93 6 161 29 45 97 91 33 99 115 100 35 127 -5 
105 94 104 72 -8 86 -33 -3 155 157 31 213 183 5 49 92 18 183 78 38 136 43 25 201 -54 60 164 54 -45 173 26 -3 203 11 35 70 57 82 175 78 66 62 175 87 101 13 66 117 95 -11 164 -3 99 95 59 37 138 64 2 183 109 -41 184 7 
164 101 30 155 5 -5 43 -8 92 206 37 127 263 51 -25 138 32 100 130 80 66 112 42 140 -25 82 86 103 -1 90 68 7 124 59 80 2 112 88 91 115 82 -31 242 143 24 42 76 4 154 32 116 62 113 23 91 37 35 125 49 117 160 -39 100 57 
101 152 42 73 90 10 -22 69 101 169 79 167 191 93 -9 92 80 109 59 132 72 50 97 139 -66 132 94 18 75 111 16 81 119 18 147 -16 68 172 103 86 150 -4 175 195 33 31 156 39 84 109 100 40 183 29 55 97 86 50 112 121 121 39 112 10 
96 91 92 61 -10 83 -33 1 158 146 31 197 171 5 57 84 18 168 68 33 130 40 27 202 -55 58 150 49 -43 176 12 13 178 25 45 76 72 109 175 89 82 65 182 89 116 24 82 112 90 1 156 14 122 101 59 55 141 61 11 191 100 -17 172 3 
154 104 21 137 8 -20 42 -4 77 194 47 112 237 48 -31 129 44 80 105 80 50 102 45 119 -23 94 69 80 8 73 67 19 104 36 77 -18 94 78 73 101 88 -43 207 134 7 38 82 -12 126 35 96 56 101 11 82 41 19 104 47 95 152 -27 79 42 
83 152 52 51 78 13 -34 69 92 140 87 163 153 93 -9 72 85 117 42 121 68 33 97 130 -71 128 102 7 66 105 5 78 130 -6 128 -8 48 160 101 63 140 9 140 181 33 9 146 54 62 90 93 11 172 29 39 99 89 29 103 113 95 40 119 -11 
92 96 100 66 -5 74 -29 3 151 136 42 199 164 19 50 74 29 170 61 50 127 38 38 195 -65 69 152 42 -29 169 11 9 189 -3 47 64 52 93 171 61 75 55 157 97 100 -1 75 108 77 3 153 -6 109 94 43 48 128 51 16 178 90 -27 171 -7 
157 93 26 142 8 -9 47 -3 86 197 36 117 242 49 -22 132 33 85 110 80 61 107 46 128 -20 83 74 85 9 82 70 8 109 41 77 -7 99 79 82 104 77 -38 212 135 16 41 71 -7 131 35 107 61 102 20 85 30 24 109 48 104 155 -38 84 47 
88 153 55 55 85 14 -39 58 92 146 85 165 157 91 -11 78 82 125 52 126 67 32 84 132 -67 124 106 13 59 106 10 73 139 1 132 -7 48 148 103 69 136 11 146 179 34 12 142 61 72 92 93 6 161 29 45 97 91 33 99 115 100 35 127 -5 
105 94 104 72 -8 86 -33 -3 155 157 31 213 183 5 49 92 18 183 78 38 136 43 25 201 -54 60 164 54 -45 173 26 -3 203 11 35 70 57 82 175 78 66 62 175 87 101 13 66 117 95 -11 164 -3 99 95 59 37 138 64 2 183 109 -41 184 7 
164 101 30 155 5 -5 43 -8 92 206 37 127 263 51 -25 138 32 100 130 80 66 112 42 140 -25 82 86 103 -1 90 68 7 124 59 80 2 112 88 91 115 82 -31 242 143 24 42 76 4 154 32 116 62 113 23 91 37 35 125 49 117 160 -39 100 57 
75 14 -13 86 -15 -25 48 -23 7 79 -2 6 114 14 -30 61 -3 5 69 20 2 65 1 23 10 13 3 64 -8 -1 42 -17 16 41 17 -11 57 4 1 48 7 -38 103 40 -16 22 1 -35 77 1 26 41 16 -14 42 -8 -27 71 9 14 67 -33 4 43 
12 65 -1 4 70 -10 -17 54 16 42 40 46 42 56 -14 15 45 14 -2 72 8 3 56 22 -31 63 11 -21 68 20 -10 57 11 0 84 -29 13 88 13 19 75 -11 36 92 -7 11 81 0 7 78 10 19 86 -8 6 52 24 -4 72 18 28 45 16 -4 
154 181 12 68 -46 11 -64 -22 126 203 78 157 228 57 -56 115 45 169 102 60 85 72 40 224 -123 88 131 78 -100 159 1 -10 209 -28 50 40 115 148 177 105 106 -39 260 175 72 -41 102 54 132 -48 150 -50 190 42 69 96 60 63 24 202 122 -60 172 -63 


